

Please enter the lowest student number in your group: 


Units for the values: V, mA, kOhm, mS and uF


Values:  R1 = 1.02779694281 
R2 = 2.07715672461 
R3 = 3.1156225241 
R4 = 4.11105908751 
R5 = 3.02879032081 
R6 = 2.02983164661 
R7 = 1.00454956611 
Vs = 5.18504190779 
C = 1.03147590492 
Kb = 7.00248816446 
Kd = 8.14562893937 



