A =

 Columns 1 through 8:

   1.00000   0.00000   0.00000   0.00000   0.00000   0.00000   0.00000   0.00000
   0.00097  -0.00178   0.00048   0.00032   0.00000   0.00000   0.00000   0.00000
   0.00000   0.00748  -0.00048  -0.00700   0.00000   0.00000   0.00000   0.00000
  -4.01296   0.00000   0.00000   1.00000   0.00000   4.01296  -1.00000   0.00000
   0.00000   0.00000   0.00000   0.00000   1.00000   0.00000  -1.00000   0.00000
   0.00049   0.00000   0.00000   0.00000   0.00000  -0.00149   0.00100   0.00000
   0.00000   0.00000   0.00000   0.00000   0.00000   0.00100  -0.00100  -1.00000
   0.00024   0.00032   0.00000  -0.00089   0.00033   0.00000   0.00000   0.00000
   0.00000  -0.00700   0.00000   0.00733  -0.00033   0.00000   0.00000   1.00000

 Column 9:

   0.00000
   0.00000
   0.00000
   0.00000
   0.00000
   0.00000
  -1.00000
   1.00000
   0.00000

Determinante da matriz A: -0.000000B =

   0.00000
   0.00000
   0.00000
   0.00000
   8.68370
   0.00000
   0.00000
   0.00000
   0.00000

X =

  -4.9145e-32
  -1.3014e-15
  -3.8743e-15
  -1.1245e-15
   8.6837e+00
   6.1146e-16
   1.3292e-15
   2.8671e-03
  -2.8671e-03

