A =

 Columns 1 through 3:

   1.00000 + 0.00000i   0.00000 + 0.00000i   0.00000 + 0.00000i
  -1.00000 + 0.00000i   1.00000 + 0.00000i   0.00000 + 0.00000i
   0.00000 + 0.00000i   0.00097 + 0.00000i  -0.00178 + 0.00000i
   0.00000 + 0.00000i   0.00000 + 0.00000i   0.00748 + 0.00000i
  -4.01296 + 0.00000i   0.00000 + 0.00000i   0.00000 + 0.00000i
   0.00000 + 0.00000i   0.00000 + 0.00000i  -0.00700 + 0.00000i
   0.00049 + 0.00000i   0.00000 + 0.00000i   0.00000 + 0.00000i
   0.00024 + 0.00000i   0.00000 + 0.00000i   0.00032 + 0.00000i

 Columns 4 through 6:

   0.00000 + 0.00000i   0.00000 + 0.00000i   0.00000 + 0.00000i
   0.00000 + 0.00000i   0.00000 + 0.00000i   0.00000 + 0.00000i
   0.00048 + 0.00000i   0.00032 + 0.00000i   0.00000 + 0.00000i
  -0.00048 + 0.00000i  -0.00700 + 0.00000i   0.00000 + 0.00000i
   0.00000 + 0.00000i   1.00000 + 0.00000i   0.00000 + 0.00000i
   0.00000 + 0.00000i   0.00733 + 0.00000i  -0.00033 - 0.00648i
   0.00000 + 0.00000i   0.00000 + 0.00000i   0.00000 + 0.00000i
   0.00000 + 0.00000i  -0.00089 + 0.00000i   0.00033 + 0.00648i

 Columns 7 and 8:

   0.00000 + 0.00000i   0.00000 + 0.00000i
   0.00000 + 0.00000i   0.00000 + 0.00000i
   0.00000 + 0.00000i   0.00000 + 0.00000i
   0.00000 + 0.00000i   0.00000 + 0.00000i
   4.01296 + 0.00000i  -1.00000 + 0.00000i
   0.00000 + 0.00000i   0.00000 + 0.00648i
  -0.00149 + 0.00000i   0.00100 + 0.00000i
   0.00100 + 0.00000i  -0.00100 - 0.00648i

Determinante da matriz A: -0.000000B =

   0
   1
   0
   0
   0
   0
   0
   0

X =

  -0.00000 - 0.00000i
   1.00000 + 0.00000i
   0.95304 + 0.00000i
   0.85358 + 0.00000i
   0.95988 + 0.00000i
  -0.56551 - 0.08510i
  -0.38120 - 0.00000i
  -0.56985 - 0.00000i

