A =

 Columns 1 through 3:

   1.00000 + 0.00000i   0.00000 + 0.00000i   0.00000 + 0.00000i
  -1.00000 + 0.00000i   1.00000 + 0.00000i   0.00000 + 0.00000i
   0.00000 + 0.00000i   0.00097 + 0.00000i  -0.00178 + 0.00000i
   0.00000 + 0.00000i   0.00000 + 0.00000i   0.00748 + 0.00000i
  -4.01296 + 0.00000i   0.00000 + 0.00000i   0.00000 + 0.00000i
   0.00000 + 0.00000i   0.00000 + 0.00000i  -0.00700 + 0.00000i
   0.00049 + 0.00000i   0.00000 + 0.00000i   0.00000 + 0.00000i
   0.00024 + 0.00000i   0.00000 + 0.00000i   0.00032 + 0.00000i

 Columns 4 through 6:

   0.00000 + 0.00000i   0.00000 + 0.00000i   0.00000 + 0.00000i
   0.00000 + 0.00000i   0.00000 + 0.00000i   0.00000 + 0.00000i
   0.00048 + 0.00000i   0.00032 + 0.00000i   0.00000 + 0.00000i
  -0.00048 + 0.00000i  -0.00700 + 0.00000i   0.00000 + 0.00000i
   0.00000 + 0.00000i   1.00000 + 0.00000i   0.00000 + 0.00000i
   0.00000 + 0.00000i   0.00733 + 0.00000i  -0.00033 - 0.00648i
   0.00000 + 0.00000i   0.00000 + 0.00000i   0.00000 + 0.00000i
   0.00000 + 0.00000i  -0.00089 + 0.00000i   0.00033 + 0.00000i

 Columns 7 and 8:

   0.00000 + 0.00000i   0.00000 + 0.00000i
   0.00000 + 0.00000i   0.00000 + 0.00000i
   0.00000 + 0.00000i   0.00000 + 0.00000i
   0.00000 + 0.00000i   0.00000 + 0.00000i
   4.01296 + 0.00000i  -1.00000 + 0.00000i
   0.00000 + 0.00000i   0.00000 + 0.00648i
  -0.00149 + 0.00000i   0.00100 + 0.00000i
   0.00100 + 0.00000i  -0.00100 + 0.00000i

Determinante da matriz A: -0.000000B =

   0
   1
   0
   0
   0
   0
   0
   0

X =

  -0.00000 - 0.00000i
   1.00000 + 0.00000i
  -0.27711 - 0.14324i
  -2.98211 - 0.44662i
  -0.09114 - 0.12238i
   0.07651 - 0.11974i
   0.03619 + 0.04860i
   0.05411 + 0.07265i

